12
1 0	1 0	0 0
1 0	-1 0	0 0
-1 0	1 0	0 0
-1 0	-1 0	0 0
1 0	0 0	1 0
1 0	0 0	-1 0
-1 0	0 0	1 0
-1 0	0 0	-1 0
0 0	1 0	1 0
0 0	1 0	-1 0
0 0	-1 0	1 0
0 0	-1 0	-1 0
48
 6 10  4  8  2 11  0  9  3  7  1  5
11 10  9  8  7  6  5  4  3  2  1  0
 5  3  9  1  7  0 11  4 10  2  8  6
 0  3  4  1  2  5  6  9 10  7  8 11
10  6  4 11  9  8  3  2  0  7  5  1
10 11  9  6  4  8  3  7  5  2  0  1
10  4  6  9 11  3  8  0  2  5  7  1
10  9 11  4  6  3  8  5  7  0  2  1
 2  6  8  0  1  4  7 10 11  3  5  9
 7 11  8  5  1  9  2 10  6  3  0  4
 9 11 10  5  3  7  4  8  6  1  0  2
 4  6 10  0  3  2  9  8 11  1  5  7
 6  2  8  4 10  0 11  1  7  3  9  5
 6  4 10  2  8  0 11  3  9  1  7  5
11  7  8  9 10  5  6  1  2  3  4  0
11  9 10  7  8  5  6  3  4  1  2  0
 5  9  3  7  1 11  0 10  4  8  2  6
 5  7  1  9  3 11  0  8  2 10  4  6
 0  2  1  4  3  6  5  8  7 10  9 11
 0  4  3  2  1  6  5 10  9  8  7 11
 7  5  1 11  8  9  2  3  0 10  6  4
 9  5  3 11 10  7  4  1  0  8  6  2
 4  0  3  6 10  2  9  1  5  8 11  7
 2  0  1  6  8  4  7  3  5 10 11  9
 3  5  9  0  4  1 10  7 11  2  6  8
 3  4  0  9  5 10  1  6  2 11  7  8
 3  9  5  4  0 10  1 11  7  6  2  8
 3  0  4  5  9  1 10  2  6  7 11  8
 1  0  2  5  7  3  8  4  6  9 11 10
 1  5  7  0  2  3  8  9 11  4  6 10
 1  2  0  7  5  8  3  6  4 11  9 10
 1  7  5  2  0  8  3 11  9  6  4 10
 2  1  0  8  6  7  4  5  3 11 10  9
 7  1  5  8 11  2  9  0  3  6 10  4
 9  3  5 10 11  4  7  0  1  6  8  2
 4  3  0 10  6  9  2  5  1 11  8  7
 2  8  6  1  0  7  4 11 10  5  3  9
 7  8 11  1  5  2  9  6 10  0  3  4
 9 10 11  3  5  4  7  6  8  0  1  2
 4 10  6  3  0  9  2 11  8  5  1  7
 8  6  2 11  7 10  1  4  0  9  5  3
 8 11  7  6  2 10  1  9  5  4  0  3
 8  2  6  7 11  1 10  0  4  5  9  3
 8  7 11  2  6  1 10  5  9  0  4  3
 6  8  2 10  4 11  0  7  1  9  3  5
11  8  7 10  9  6  5  2  1  4  3  0
 5  1  7  3  9  0 11  2  8  4 10  6
 0  1  2  3  4  5  6  7  8  9 10 11