30
2 2 0 0 0 0
0 0 2 2 0 0
0 0 0 0 2 2
3 1 1 1 2 0
3 1 1 1 -2 0
3 1 -1 -1 2 0
3 1 -1 -1 -2 0
2 0 3 1 1 1
2 0 3 1 -1 -1
2 0 -3 -1 1 1
2 0 -3 -1 -1 -1
1 1 2 0 3 1
1 1 2 0 -3 -1
1 1 -2 0 3 1
1 1 -2 0 -3 -1
-2 -2 0 0 0 0
0 0 -2 -2 0 0
0 0 0 0 -2 -2
-3 -1 -1 -1 -2 0
-3 -1 -1 -1 2 0
-3 -1 1 1 -2 0
-3 -1 1 1 2 0
-2 0 -3 -1 -1 -1
-2 0 -3 -1 1 1
-2 0 3 1 -1 -1
-2 0 3 1 1 1
-1 -1 -2 0 -3 -1
-1 -1 -2 0 3 1
-1 -1 2 0 -3 -1
-1 -1 2 0 3 1
120
 3  7  0 11  1  8  4 14  9 16  2 19  5 12 23  6 17 24 10 27 13 20 15 25 21 28 18 29 22 26
 0  4  3  2  1  8  7  6  5 12 11 10  9 16 15 14 13 20 19 18 17 24 23 22 21 28 27 26 25 29
 1  5  0  9  3  6  2 14 11 13  4 17  7 10 21  8 19 22 12 25 16 18 15 27 23 26 20 29 24 28
24 16 20 23 28  8 12 27 29  7 15 19 26  4 11 18 25  3 10 14 22  0  2 17 21  1  6  9 13  5
 0  3  4  1  2  7  8  5  6 11 12  9 10 16 14 15 13 19 20 17 18 23 24 21 22 27 28 25 26 29
 4  8  0 12  2  7  3 15 10 16  1 20  6 11 24  5 18 23  9 28 13 19 14 26 22 27 17 29 21 25
23 16 19 24 27  7 11 28 29  8 14 20 25  3 12 17 26  4  9 15 21  0  1 18 22  2  5 10 13  6
 0  2  1  4  3  6  5  8  7 10  9 12 11 13 15 14 16 18 17 20 19 22 21 24 23 26 25 28 27 29
22 13 18 21 26  6 10 25 29  5 15 17 28  2  9 20 27  1 12 14 24  0  4 19 23  3  8 11 16  7
 7  8  3 16 11  4  0 23 19 12  1 24 14  2 20  9 27 15  5 28 17 10  6 29 25 18 13 26 21 22
15 12 10 20 18  4  2 28 26  8  6 24 22  0 16 13 29  7  5 23 21  3  1 27 25 11  9 19 17 14
10 18  6 15  2 22 13 12  4 26  5 20  0 21 28  1  8 29  9 24  3 25 17 16  7 27 14 23 11 19
 6 13 10  5  2 22 18  1  0 21 15  9  4 26 17 12  3 25 20 14  8 29 28 11  7 27 24 19 16 23
25 21 29 17 27 22 26 14 19 13 28  9 23 18  5 24 11  6 20  1 16 10 15  3  7  2 12  0  8  4
10  2 15  6 18  4 12 13 22  0 20  5 26  8  1 28 21  3 24  9 29  7 16 17 25 11 23 14 27 19
16  8 24  7 23 12 20 11 19  4 28  3 27 15  0 29 14  2 26  1 25 10 18  9 17  6 22  5 21 13
18 22 10 26 15 13  6 28 20 21  2 29 12  5 25  4 24 17  0 27  8  9  1 23 16 14  3 19  7 11
 3 11  1  7  0 14  9  8  4 19  5 16  2 17 23  6 12 27 13 24 10 25 21 20 15 29 22 28 18 26
 1  9  3  5  0 14 11  6  2 17  7 13  4 19 21  8 10 25 16 22 12 27 23 18 15 29 24 26 20 28
25 17 27 21 29 14 19 22 26  9 23 13 28 11  5 24 18  1 16  6 20  3  7 10 15  0  8  2 12  4
 3  0  7  1 11  4  8  9 14  2 16  5 19 12  6 23 17 10 24 13 27 15 20 21 25 18 28 22 29 26
20 12 24 15 28  8 16 18 26  4 23 10 29  7  2 27 22  0 19  6 25  3 11 13 21  1 14  5 17  9
11 14  3 19  7  9  1 23 16 17  0 27  8  5 25  4 24 21  2 29 12 13  6 28 20 22 10 26 15 18
13 22  6 21  5 18 10 17  9 26  2 25  1 15 29  0 14 28  4 27  3 20 12 19 11 24  8 23  7 16
 6 10 13  2  5 18 22  0  1 15 21  4  9 26 12 17  3 20 25  8 14 28 29  7 11 24 27 16 19 23
29 26 25 28 27 22 21 24 23 18 17 20 19 13 15 14 16 10  9 12 11  6  5  8  7  2  1  4  3  0
 5  1  6  9 13  0  2 17 21  3 10 14 22  4 11 18 25  7 15 19 26  8 12 27 29 16 20 23 28 24
 6  2  5 10 13  0  1 18 22  4  9 15 21  3 12 17 26  8 14 20 25  7 11 28 29 16 19 24 27 23
 7  3  8 11 16  0  4 19 23  1 12 14 24  2  9 20 27  5 15 17 28  6 10 25 29 13 18 21 26 22
28 26 20 29 24 18 15 27 23 22 12 25 16 10 21  8 19 13  4 17  7  6  2 14 11  5  0  9  3  1
 9 14  1 17  5 11  3 21 13 19  0 25  6  7 27  2 22 23  4 29 10 16  8 26 18 24 12 28 15 20
 1  3  9  0  5 11 14  2  6  7 17  4 13 19  8 21 10 16 25 12 22 23 27 15 18 24 29 20 26 28
27 19 25 23 29 14 17 24 28 11 21 16 26  9  7 22 20  3 13  8 18  1  5 12 15  0  6  4 10  2
 5  6  1 13  9  2  0 21 17 10  3 22 14  4 18 11 25 15  7 26 19 12  8 29 27 20 16 28 23 24
 1  0  5  3  9  2  6 11 14  4 13  7 17 10  8 21 19 12 22 16 25 15 18 23 27 20 26 24 29 28
15 10 12 18 20  2  4 26 28  6  8 22 24  0 13 16 29  5  7 21 23  1  3 25 27  9 11 17 19 14
23 19 16 27 24 11  7 29 28 14  8 25 20  3 17 12 26  9  4 21 15  1  0 22 18  5  2 13 10  6
 7 11 16  3  8 19 23  0  4 14 24  1 12 27  9 20  2 17 28  5 15 25 29  6 10 21 26 13 18 22
15 18 20 10 12 26 28  2  4 22 24  6  8 29 13 16  0 21 23  5  7 25 27  1  3 17 19  9 11 14
27 25 19 29 23 17 14 28 24 21 11 26 16  9 22  7 20 13  3 18  8  5  1 15 12  6  0 10  4  2
 8  4  7 12 16  0  3 20 24  2 11 15 23  1 10 19 28  6 14 18 27  5  9 26 29 13 17 22 25 21
12  4 15  8 20  2 10 16 24  0 18  7 28  6  3 26 23  1 22 11 29  5 13 19 27  9 21 14 25 17
29 25 26 27 28 21 22 23 24 17 18 19 20 13 14 15 16  9 10 11 12  5  6  7  8  1  2  3  4  0
 8 16 12  7  4 24 20  3  0 23 15 11  2 28 19 10  1 27 18 14  6 29 26  9  5 25 22 17 13 21
16 24  8 23  7 20 12 19 11 28  4 27  3 15 29  0 14 26  2 25  1 18 10 17  9 22  6 21  5 13
 8 12 16  4  7 20 24  0  3 15 23  2 11 28 10 19  1 18 27  6 14 26 29  5  9 22 25 13 17 21
26 28 18 29 22 20 15 25 21 24 10 27 13 12 23  6 17 16  2 19  5  8  4 14  9  7  0 11  1  3
12  8 20  4 15 16 24  2 10  7 28  0 18 23  3 26  6 11 29  1 22 19 27  5 13 14 25  9 21 17
18 26 15 22 10 28 20 13  6 29 12 21  2 24 25  4  5 27  8 17  0 23 16  9  1 19  7 14  3 11
18 15 26 10 22 20 28  6 13 12 29  2 21 24  4 25  5  8 27  0 17 16 23  1  9  7 19  3 14 11
26 18 28 22 29 15 20 21 25 10 24 13 27 12  6 23 17  2 16  5 19  4  8  9 14  0  7  1 11  3
19 11 23 14 27  7 16 17 25  3 24  9 29  8  1 28 21  0 20  5 26  4 12 13 22  2 15  6 18 10
29 27 28 25 26 23 24 21 22 19 20 17 18 16 14 15 13 11 12  9 10  7  8  5  6  3  4  1  2  0
27 29 23 25 19 28 24 17 14 26 16 21 11 20 22  7  9 18  8 13  3 15 12  5  1 10  4  6  0  2
15 20 18 12 10 28 26  4  2 24 22  8  6 29 16 13  0 23 21  7  5 27 25  3  1 19 17 11  9 14
23 24 27 16 19 28 29  7 11 20 25  8 14 26 12 17  3 15 21  4  9 18 22  0  1 10 13  2  5  6
27 23 29 19 25 24 28 14 17 16 26 11 21 20  7 22  9  8 18  3 13 12 15  1  5  4 10  0  6  2
12 20  8 15  4 24 16 10  2 28  7 18  0 23 26  3  6 29 11 22  1 27 19 13  5 25 14 21  9 17
29 28 27 26 25 24 23 22 21 20 19 18 17 16 15 14 13 12 11 10  9  8  7  6  5  4  3  2  1  0
19 23 11 27 14 16  7 25 17 24  3 29  9  8 28  1 21 20  0 26  5 12  4 22 13 15  2 18  6 10
20 24 12 28 15 16  8 26 18 23  4 29 10  7 27  2 22 19  0 25  6 11  3 21 13 14  1 17  5  9
11 19  7 14  3 23 16  9  1 27  8 17  0 24 25  4  5 29 12 21  2 28 20 13  6 26 15 22 10 18
11  7 19  3 14 16 23  1  9  8 27  0 17 24  4 25  5 12 29  2 21 20 28  6 13 15 26 10 22 18
 7 16 11  8  3 23 19  4  0 24 14 12  1 27 20  9  2 28 17 15  5 29 25 10  6 26 21 18 13 22
28 24 29 20 26 23 27 15 18 16 25 12 22 19  8 21 10  7 17  4 13 11 14  2  6  3  9  0  5  1
 9 17  5 14  1 21 13 11  3 25  6 19  0 22 27  2  7 29 10 23  4 26 18 16  8 28 15 24 12 20
 5 13  9  6  1 21 17  2  0 22 14 10  3 25 18 11  4 26 19 15  7 29 27 12  8 28 23 20 16 24
 8  7  4 16 12  3  0 24 20 11  2 23 15  1 19 10 28 14  6 27 18  9  5 29 26 17 13 25 22 21
16  7 23  8 24 11 19 12 20  3 27  4 28 14  0 29 15  1 25  2 26  9 17 10 18  5 21  6 22 13
26 22 29 18 28 21 25 15 20 13 27 10 24 17  6 23 12  5 19  2 16  9 14  4  8  1 11  0  7  3
 5  9 13  1  6 17 21  0  2 14 22  3 10 25 11 18  4 19 26  7 15 27 29  8 12 23 28 16 20 24
13 21  5 22  6 17  9 18 10 25  1 26  2 14 29  0 15 27  3 28  4 19 11 20 12 23  7 24  8 16
12 15  4 20  8 10  2 24 16 18  0 28  7  6 26  3 23 22  1 29 11 13  5 27 19 21  9 25 14 17
20 15 28 12 24 18 26  8 16 10 29  4 23 22  2 27  7  6 25  0 19 13 21  3 11  5 17  1 14  9
19 14 27 11 23 17 25  7 16  9 29  3 24 21  1 28  8  5 26  0 20 13 22  4 12  6 18  2 15 10
 4  0  8  2 12  3  7 10 15  1 16  6 20 11  5 24 18  9 23 13 28 14 19 22 26 17 27 21 29 25
28 29 24 26 20 27 23 18 15 25 16 22 12 19 21  8 10 17  7 13  4 14 11  6  2  9  3  5  0  1
14 17 19  9 11 25 27  1  3 21 23  5  7 29 13 16  0 22 24  6  8 26 28  2  4 18 20 10 12 15
 9  1 14  5 17  3 11 13 21  0 19  6 25  7  2 27 22  4 23 10 29  8 16 18 26 12 24 15 28 20
14 11  9 19 17  3  1 27 25  7  5 23 21  0 16 13 29  8  6 24 22  4  2 28 26 12 10 20 18 15
11  3 14  7 19  1  9 16 23  0 17  8 27  5  4 25 24  2 21 12 29  6 13 20 28 10 22 15 26 18
18 10 22 15 26  6 13 20 28  2 21 12 29  5  4 25 24  0 17  8 27  1  9 16 23  3 14  7 19 11
 4  2 12  0  8 10 15  3  7  6 20  1 16 18  5 24 11 13 28  9 23 22 26 14 19 21 29 17 27 25
23 27 24 19 16 29 28 11  7 25 20 14  8 26 17 12  3 21 15  9  4 22 18  1  0 13 10  5  2  6
22 21 26 13 18 25 29  6 10 17 28  5 15 27  9 20  2 14 24  1 12 19 23  0  4 11 16  3  8  7
13  6 22  5 21 10 18  9 17  2 26  1 25 15  0 29 14  4 28  3 27 12 20 11 19  8 24  7 23 16
22 18 13 26 21 10  6 29 25 15  5 28 17  2 20  9 27 12  1 24 14  4  0 23 19  8  3 16 11  7
26 29 22 28 18 25 21 20 15 27 13 24 10 17 23  6 12 19  5 16  2 14  9  8  4 11  1  7  0  3
19 27 14 23 11 25 17 16  7 29  9 24  3 21 28  1  8 26  5 20  0 22 13 12  4 18  6 15  2 10
25 27 17 29 21 19 14 26 22 23  9 28 13 11 24  5 18 16  1 20  6  7  3 15 10  8  0 12  2  4
17 14 25  9 21 19 27  5 13 11 29  1 22 23  3 26  6  7 28  0 18 16 24  2 10  8 20  4 15 12
16 23  7 24  8 19 11 20 12 27  3 28  4 14 29  0 15 25  1 26  2 17  9 18 10 21  5 22  6 13
24 23 28 16 20 27 29  8 12 19 26  7 15 25 11 18  4 14 22  3 10 17 21  0  2  9 13  1  6  5
 9  5 17  1 14 13 21  3 11  6 25  0 19 22  2 27  7 10 29  4 23 18 26  8 16 15 28 12 24 20
17 25 14 21  9 27 19 13  5 29 11 22  1 23 26  3  6 28  7 18  0 24 16 10  2 20  8 15  4 12
14 19 17 11  9 27 25  3  1 23 21  7  5 29 16 13  0 24 22  8  6 28 26  4  2 20 18 12 10 15
10  6 18  2 15 13 22  4 12  5 26  0 20 21  1 28  8  9 29  3 24 17 25  7 16 14 27 11 23 19
17 21  9 25 14 13  5 27 19 22  1 29 11  6 26  3 23 18  0 28  7 10  2 24 16 15  4 20  8 12
 3  1 11  0  7  9 14  4  8  5 19  2 16 17  6 23 12 13 27 10 24 21 25 15 20 22 29 18 28 26
21 17 13 25 22  9  5 29 26 14  6 27 18  1 19 10 28 11  2 23 15  3  0 24 20  7  4 16 12  8
25 29 21 27 17 26 22 19 14 28 13 23  9 18 24  5 11 20  6 16  1 15 10  7  3 12  2  8  0  4
21 22 25 13 17 26 29  5  9 18 27  6 14 28 10 19  1 15 23  2 11 20 24  0  3 12 16  4  7  8
20 28 15 24 12 26 18 16  8 29 10 23  4 22 27  2  7 25  6 19  0 21 13 11  3 17  5 14  1  9
24 28 23 20 16 29 27 12  8 26 19 15  7 25 18 11  4 22 14 10  3 21 17  2  0 13  9  6  1  5
13  5 21  6 22  9 17 10 18  1 25  2 26 14  0 29 15  3 27  4 28 11 19 12 20  7 23  8 24 16
21 25 22 17 13 29 26  9  5 27 18 14  6 28 19 10  1 23 15 11  2 24 20  3  0 16 12  7  4  8
22 26 21 18 13 29 25 10  6 28 17 15  5 27 20  9  2 24 14 12  1 23 19  4  0 16 11  8  3  7
21 13 17 22 25  5  9 26 29  6 14 18 27  1 10 19 28  2 11 15 23  0  3 20 24  4  7 12 16  8
 2  6  0 10  4  5  1 15 12 13  3 18  8  9 22  7 20 21 11 26 16 17 14 28 24 25 19 29 23 27
10 15  2 18  6 12  4 22 13 20  0 26  5  8 28  1 21 24  3 29  9 16  7 25 17 23 11 27 14 19
 2  4 10  0  6 12 15  1  5  8 18  3 13 20  7 22  9 16 26 11 21 24 28 14 17 23 29 19 25 27
 6  5  2 13 10  1  0 22 18  9  4 21 15  3 17 12 26 14  8 25 20 11  7 29 28 19 16 27 24 23
24 20 16 28 23 12  8 29 27 15  7 26 19  4 18 11 25 10  3 22 14  2  0 21 17  6  1 13  9  5
 2 10  4  6  0 15 12  5  1 18  8 13  3 20 22  7  9 26 16 21 11 28 24 17 14 29 23 25 19 27
 4 12  2  8  0 15 10  7  3 20  6 16  1 18 24  5 11 28 13 23  9 26 22 19 14 29 21 27 17 25
28 20 26 24 29 15 18 23 27 12 22 16 25 10  8 21 19  4 13  7 17  2  6 11 14  0  5  3  9  1
14  9 11 17 19  1  3 25 27  5  7 21 23  0 13 16 29  6  8 22 24  2  4 26 28 10 12 18 20 15
 2  0  6  4 10  1  5 12 15  3 13  8 18  9  7 22 20 11 21 16 26 14 17 24 28 19 25 23 29 27
17  9 21 14 25  5 13 19 27  1 22 11 29  6  3 26 23  0 18  7 28  2 10 16 24  4 15  8 20 12
 0  1  2  3  4  5  6  7  8  9 10 11 12 13 14 15 16 17 18 19 20 21 22 23 24 25 26 27 28 29