32
0 0 2 2 6 2
0 0 2 2 -6 -2
6 2 0 0 2 2
-6 -2 0 0 2 2
2 2 6 2 0 0
2 2 -6 -2 0 0
2 2 2 2 2 2
2 2 2 2 -2 -2
2 2 -2 -2 2 2
2 2 -2 -2 -2 -2
0 0 6 2 2 2
0 0 6 2 -2 -2
2 2 0 0 6 2
-2 -2 0 0 6 2
6 2 2 2 0 0
6 2 -2 -2 0 0
0 0 -2 -2 -6 -2
0 0 -2 -2 6 2
-6 -2 0 0 -2 -2
6 2 0 0 -2 -2
-2 -2 -6 -2 0 0
-2 -2 6 2 0 0
-2 -2 -2 -2 -2 -2
-2 -2 -2 -2 2 2
-2 -2 2 2 -2 -2
-2 -2 2 2 2 2
0 0 -6 -2 -2 -2
0 0 -6 -2 2 2
-2 -2 0 0 -6 -2
2 2 0 0 -6 -2
-6 -2 -2 -2 0 0
-6 -2 2 2 0 0
48
23 27 19 26 11 17  7 21  9 31 25 30 16 13  3  2 29 28 18 15  1  6  0 22 10 24 14 20  5 12  4  8
23 27 11 17 19 26  7  9 21 25 31 16 30  3 13  2 29 18 28  1 15  0  6 10 22 24  5 12 14 20  4  8
24 29 20 28 12 18  8 22 10 31 25 30 16 14  5  4 27 26 17 15  1  6  0 21  9 23 13 19  3 11  2  7
24 29 12 18 20 28  8 10 22 25 31 16 30  5 14  4 27 17 26  1 15  0  6  9 21 23  3 11 13 19  2  7
10 12  1  5 16 18  9  0 25  8 24  4 29  3 17 11 20 14 28  2 27  7 23  6 31 22 13 15 26 30 19 21
10 12 16 18  1  5  9 25  0 24  8 29  4 17  3 11 20 28 14 27  2 23  7 31  6 22 26 30 13 15 19 21
20 22 24 28  8 14 12 29  4 30 15 31  6 18  5 10 21 26 13 25  0 16  1 27  2 19 17 23  3  7  9 11
20 22  8 14 24 28 12  4 29 15 30  6 31  5 18 10 21 13 26  0 25  1 16  2 27 19  3  7 17 23  9 11
27 23 31 26 25 17 29 30 16 19 11 21  9 28 18 24  7 13  3 22 10 20 12 15  1  2 14  6  5  0  8  4
27 23 25 17 31 26 29 16 30 11 19  9 21 18 28 24  7  3 13 10 22 12 20  1 15  2  5  0 14  6  8  4
 2  7  6 13  0  3  4 15  1 19 11 21  9 14  5  8 23 26 17 22 10 20 12 30 16 27 28 31 18 25 24 29
 2  7  0  3  6 13  4  1 15 11 19  9 21  5 14  8 23 17 26 10 22 12 20 16 30 27 18 25 28 31 24 29
 1  0 10  5  9  3 16 12 11  4  2  8  7 18 17 25  6 14 13 24 23 29 27 20 19 15 28 22 26 21 31 30
 1  0  9  3 10  5 16 11 12  2  4  7  8 17 18 25  6 13 14 23 24 27 29 19 20 15 26 21 28 22 31 30
31 30 29 28 27 26 25 24 23 22 21 20 19 18 17 16 15 14 13 12 11 10  9  8  7  6  5  4  3  2  1  0
31 30 27 26 29 28 25 23 24 21 22 19 20 17 18 16 15 13 14 11 12  9 10  7  8  6  3  2  5  4  1  0
 9 11 16 17  1  3 10 25  0 23  7 27  2 18  5 12 19 26 13 29  4 24  8 31  6 21 28 30 14 15 20 22
 9 11  1  3 16 17 10  0 25  7 23  2 27  5 18 12 19 13 26  4 29  8 24  6 31 21 14 15 28 30 20 22
 8  4 12  5 20 14 24 10 22  0  6  1 15 18 28 29  2  3 13 16 30 25 31  9 21  7 17 11 26 19 27 23
 8  4 20 14 12  5 24 22 10  6  0 15  1 28 18 29  2 13  3 30 16 31 25 21  9  7 26 19 17 11 27 23
30 31 21 26 22 28 15 19 20 27 29 23 24 13 14  6 25 17 18  7  8  2  4 11 12 16  3  9  5 10  0  1
30 31 22 28 21 26 15 20 19 29 27 24 23 14 13  6 25 18 17  8  7  4  2 12 11 16  5 10  3  9  0  1
16 25  9 17 10 18  1 11 12 27 29 23 24  3  5  0 31 26 28  7  8  2  4 19 20 30 13 21 14 22  6 15
16 25 10 18  9 17  1 12 11 29 27 24 23  5  3  0 31 28 26  8  7  4  2 20 19 30 14 22 13 21  6 15
11  9  7  3 23 17 19  2 27  1 16  0 25 13 26 21 10  5 18  6 31 15 30  4 29 12 14  8 28 24 22 20
11  9 23 17  7  3 19 27  2 16  1 25  0 26 13 21 10 18  5 31  6 30 15 29  4 12 28 24 14  8 22 20
12 10  8  5 24 18 20  4 29  1 16  0 25 14 28 22  9  3 17  6 31 15 30  2 27 11 13  7 26 23 21 19
12 10 24 18  8  5 20 29  4 16  1 25  0 28 14 22  9 17  3 31  6 30 15 27  2 11 26 23 13  7 21 19
15  6 22 14 21 13 30 20 19  4  2  8  7 28 26 31  0  5  3 24 23 29 27 12 11  1 18 10 17  9 25 16
15  6 21 13 22 14 30 19 20  2  4  7  8 26 28 31  0  3  5 23 24 27 29 11 12  1 17  9 18 10 25 16
 4  8  0  5  6 14  2  1 15 12 20 10 22  3 13  7 24 18 28  9 21 11 19 16 30 29 17 25 26 31 23 27
 4  8  6 14  0  5  2 15  1 20 12 22 10 13  3  7 24 28 18 21  9 19 11 30 16 29 26 31 17 25 23 27
29 24 25 18 31 28 27 16 30 12 20 10 22 17 26 23  8  5 14  9 21 11 19  1 15  4  3  0 13  6  7  2
29 24 31 28 25 18 27 30 16 20 12 22 10 26 17 23  8 14  5 21  9 19 11 15  1  4 13  6  3  0  7  2
19 21 23 26  7 13 11 27  2 30 15 31  6 17  3  9 22 28 14 25  0 16  1 29  4 20 18 24  5  8 10 12
19 21  7 13 23 26 11  2 27 15 30  6 31  3 17  9 22 14 28  0 25  1 16  4 29 20  5  8 18 24 10 12
 7  2 11  3 19 13 23  9 21  0  6  1 15 17 26 27  4  5 14 16 30 25 31 10 22  8 18 12 28 20 29 24
 7  2 19 13 11  3 23 21  9  6  0 15  1 26 17 27  4 14  5 30 16 31 25 22 10  8 28 20 18 12 29 24
 6 15  4 14  2 13  0  8  7 22 21 20 19  5  3  1 30 28 26 12 11 10  9 24 23 31 18 29 17 27 16 25
 6 15  2 13  4 14  0  7  8 21 22 19 20  3  5  1 30 26 28 11 12  9 10 23 24 31 17 27 18 29 16 25
21 19 30 26 15 13 22 31  6 23  7 27  2 28 14 20 11 17  3 29  4 24  8 25  0  9 18 16  5  1 12 10
21 19 15 13 30 26 22  6 31  7 23  2 27 14 28 20 11  3 17  4 29  8 24  0 25  9  5  1 18 16 12 10
22 20 15 14 30 28 21  6 31  8 24  4 29 13 26 19 12  5 18  2 27  7 23  0 25 10  3  1 17 16 11  9
22 20 30 28 15 14 21 31  6 24  8 29  4 26 13 19 12 18  5 27  2 23  7 25  0 10 17 16  3  1 11  9
25 16 27 17 29 18 31 23 24  9 10 11 12 26 28 30  1  3  5 19 20 21 22  7  8  0 13  2 14  4 15  6
25 16 29 18 27 17 31 24 23 10  9 12 11 28 26 30  1  5  3 20 19 22 21  8  7  0 14  4 13  2 15  6
 0  1  2  3  4  5  6  7  8  9 10 11 12 13 14 15 16 17 18 19 20 21 22 23 24 25 26 27 28 29 30 31
 0  1  4  5  2  3  6  8  7 10  9 12 11 14 13 15 16 18 17 20 19 22 21 24 23 25 28 29 26 27 30 31