24
1 1 1 0 1 0  
1 1 1 0 -1 0  
1 1 -1 0 1 0  
-1 -1 1 0 1 0  
1 0 1 1 1 0  
1 0 1 1 -1 0  
-1 0 1 1 1 0  
1 0 -1 -1 1 0  
1 0 1 0 1 1  
1 0 -1 0 1 1  
-1 0 1 0 1 1  
1 0 1 0 -1 -1  
-1 -1 -1 0 -1 0  
-1 -1 -1 0 1 0  
-1 -1 1 0 -1 0  
1 1 -1 0 -1 0  
-1 0 -1 -1 -1 0  
-1 0 -1 -1 1 0  
1 0 -1 -1 -1 0  
-1 0 1 1 -1 0  
-1 0 -1 0 -1 -1  
-1 0 1 0 -1 -1  
1 0 -1 0 -1 -1  
-1 0 -1 0 1 1  
48
16  8 18 12 14 21  6 23  1 19 10 20  3 13  4 22  0 17  2  9 11  5 15  7
12  8 18 16  3 13  1 19  6 23  2  9 14 21  0 17  4 22 10 20  7  5 15 11
15  7 11  5 17 22  9 20  2 10 19 23  0  4 13 21  3 14  1  6 18 12 16  8
 5  7 11 15  0  4  2 10  9 20  1  6 17 22  3 14 13 21 19 23  8 12 16 18
15 11  7  5 22 17 20  9 10  2 23 19  4  0 21 13 14  3  6  1 18 16 12  8
 5 11  7 15  4  0 10  2 20  9  6  1 22 17 14  3 21 13 23 19  8 16 12 18
14  6 10  4 16 21  8 20  1 11 18 23  0  5 12 22  3 15  2  7 19 13 17  9
 4  6 10 14  0  5  1 11  8 20  2  7 16 21  3 15 12 22 18 23  9 13 17 19
17  9 19 13 15 22  7 23  2 18 11 20  3 12  5 21  0 16  1  8 10  4 14  6
13  9 19 17  3 12  2 18  7 23  1  8 15 22  0 16  5 21 11 20  6  4 14 10
17 19  9 13 22 15 23  7 18  2 20 11 12  3 21  5 16  0  8  1 10 14  4  6
13 19  9 17 12  3 18  2 23  7  8  1 22 15 16  0 21  5 20 11  6 14  4 10
23 22 21 20 19 18 17 16 15 14 13 12 11 10  9  8  7  6  5  4  3  2  1  0
20 22 21 23 11 10 15 14 17 16  5  4 19 18  7  6  9  8 13 12  0  2  1  3
 7 15  5 11  9  2 17  0 22  4 13  3 20 10 19  1 23  6 21 14 12 18  8 16
11 15  5  7 20 10 22  4 17  0 21 14  9  2 23  6 19  1 13  3 16 18  8 12
 9 17 13 19  7  2 15  3 22 12  5  0 23 18 11  1 20  8 21 16  4 10  6 14
19 17 13  9 23 18 22 12 15  3 21 16  7  2 20  8 11  1  5  0 14 10  6  4
 6 14  4 10  8  1 16  0 21  5 12  3 20 11 18  2 23  7 22 15 13 19  9 17
10 14  4  6 20 11 21  5 16  0 22 15  8  1 23  7 18  2 12  3 17 19  9 13
 6  4 14 10  1  8  0 16  5 21  3 12 11 20  2 18  7 23 15 22 13  9 19 17
10  4 14  6 11 20  5 21  0 16 15 22  1  8  7 23  2 18  3 12 17  9 19 13
 9 13 17 19  2  7  3 15 12 22  0  5 18 23  1 11  8 20 16 21  4  6 10 14
19 13 17  9 18 23 12 22  3 15 16 21  2  7  8 20  1 11  0  5 14  6 10  4
 4 10  6 14  5  0 11  1 20  8  7  2 21 16 15  3 22 12 23 18  9 17 13 19
14 10  6  4 21 16 20  8 11  1 23 18  5  0 22 12 15  3  7  2 19 17 13  9
 8 16 12 18  6  1 14  3 21 13  4  0 23 19 10  2 20  9 22 17  5 11  7 15
18 16 12  8 23 19 21 13 14  3 22 17  6  1 20  9 10  2  4  0 15 11  7  5
 8 12 16 18  1  6  3 14 13 21  0  4 19 23  2 10  9 20 17 22  5  7 11 15
18 12 16  8 19 23 13 21  3 14 17 22  1  6  9 20  2 10  0  4 15  7 11  5
 7  5 15 11  2  9  0 17  4 22  3 13 10 20  1 19  6 23 14 21 12  8 18 16
11  5 15  7 10 20  4 22  0 17 14 21  2  9  6 23  1 19  3 13 16  8 18 12
12 18  8 16 13  3 19  1 23  6  9  2 21 14 17  0 22  4 20 10  7 15  5 11
16 18  8 12 21 14 23  6 19  1 20 10 13  3 22  4 17  0  9  2 11 15  5  7
 1  0  3  2  6  8  4 12  5 13 14 16  7  9 10 18 11 19 15 17 21 20 23 22
 2  0  3  1  7  9  5 13  4 12 15 17  6  8 11 19 10 18 14 16 22 20 23 21
 1  3  0  2  8  6 12  4 13  5 16 14  9  7 18 10 19 11 17 15 21 23 20 22
 2  3  0  1  9  7 13  5 12  4 17 15  8  6 19 11 18 10 16 14 22 23 20 21
23 21 22 20 18 19 16 17 14 15 12 13 10 11  8  9  6  7  4  5  3  1  2  0
20 21 22 23 10 11 14 15 16 17  4  5 18 19  6  7  8  9 12 13  0  1  2  3
 3  2  1  0 13 12  9  8  7  6 19 18  5  4 17 16 15 14 11 10 23 22 21 20
 0  2  1  3  5  4  7  6  9  8 11 10 13 12 15 14 17 16 19 18 20 22 21 23
22 20 23 21 15 17 11 19 10 18  7  9 14 16  5 13  4 12  6  8  2  0  3  1
21 20 23 22 14 16 10 18 11 19  6  8 15 17  4 12  5 13  7  9  1  0  3  2
22 23 20 21 17 15 19 11 18 10  9  7 16 14 13  5 12  4  8  6  2  3  0  1
21 23 20 22 16 14 18 10 19 11  8  6 17 15 12  4 13  5  9  7  1  3  0  2
 0  1  2  3  4  5  6  7  8  9 10 11 12 13 14 15 16 17 18 19 20 21 22 23
 3  1  2  0 12 13  8  9  6  7 18 19  4  5 16 17 14 15 10 11 23 21 22 20
