24
0 0 1 0 2 0
0 0 1 0 -2 0
0 0 2 0 1 0
0 0 2 0 -1 0
1 0 0 0 2 0
1 0 0 0 -2 0
1 0 2 0 0 0
1 0 -2 0 0 0
2 0 0 0 1 0
2 0 0 0 -1 0
2 0 1 0 0 0
2 0 -1 0 0 0
0 0 -1 0 -2 0
0 0 -1 0 2 0
0 0 -2 0 -1 0
0 0 -2 0 1 0
-1 0 0 0 -2 0
-1 0 0 0 2 0
-1 0 -2 0 0 0
-1 0 2 0 0 0
-2 0 0 0 -1 0
-2 0 0 0 1 0
-2 0 -1 0 0 0
-2 0 1 0 0 0
48
 7 10 14  2 18  8  0 17  4  3 11 22  1 12 20 19  6 23 15  5 21  9 13 16
 7 14 10  2 18 17  4  8  0 11  3 22  1 20 12 23 15 19  6  5 21 13  9 16
14 18  7 17 10 22 20  2 11 23  4  8 15 19  0 12 21  3  1 13  6 16  5  9
14  7 18 17 10  2 11 22 20  4 23  8 15  0 19  3  1 12 21 13  6  5 16  9
10 18  7  8 14 22 12  2  3 19  0 17  6 23  4 20 21 11  1  9 15 16  5 13
10  7 18  8 14  2  3 22 12  0 19 17  6  4 23 11  1 20 21  9 15  5 16 13
 3  8  6  0 12 10  2  9  1  7  5 19  4 18 16 22 14 21 13 11 23 17 15 20
 3  6  8  0 12  9  1 10  2  5  7 19  4 16 18 21 13 22 14 11 23 15 17 20
 6  3 12  9  8  0  5 19 16  1 21 10 13  2 22  7  4 18 23 15 14 11 20 17
 6 12  3  9  8 19 16  0  5 21  1 10 13 22  2 18 23  7  4 15 14 20 11 17
 8 12  3 10  6 19 18  0  7 22  2  9 14 21  1 16 23  5  4 17 13 20 11 15
 8  3 12 10  6  0  7 19 18  2 22  9 14  1 21  5  4 16 23 17 13 11 20 15
16 13  9 21  5 15 23  6 19 20 12  1 22 11  3  4 17  0  8 18  2 14 10  7
16  9 13 21  5  6 19 15 23 12 20  1 22  3 11  0  8  4 17 18  2 10 14  7
12  6  8 19  3  9 21 10 22 16 18  0 23  5  7  1 13  2 14 20  4 15 17 11
12  8  6 19  3 10 22  9 21 18 16  0 23  7  5  2 14  1 13 20  4 17 15 11
23 22 21 20 19 18 17 16 15 14 13 12 11 10  9  8  7  6  5  4  3  2  1  0
23 21 22 20 19 16 15 18 17 13 14 12 11  9 10  6  5  8  7  4  3  1  2  0
19 22 21 12 23 18  8 16  6 10  9 20  3 14 13 17  7 15  5  0 11  2  1  4
19 21 22 12 23 16  6 18  8  9 10 20  3 13 14 15  5 17  7  0 11  1  2  4
21 19 23 16 22 12  9 20 13  6 15 18  5  8 17 10  3 14 11  1  7  0  4  2
21 23 19 16 22 20 13 12  9 15  6 18  5 17  8 14 11 10  3  1  7  4  0  2
18 10 14 22  7  8 19 17 23 12 20  2 21  3 11  0  6  4 15 16  1  9 13  5
18 14 10 22  7 17 23  8 19 20 12  2 21 11  3  4 15  0  6 16  1 13  9  5
22 19 23 18 21 12 10 20 14  8 17 16  7  6 15  9  3 13 11  2  5  0  4  1
22 23 19 18 21 20 14 12 10 17  8 16  7 15  6 13 11  9  3  2  5  4  0  1
20 15 17 23 11 13 21 14 22 16 18  4 19  5  7  1  9  2 10 12  0  6  8  3
20 17 15 23 11 14 22 13 21 18 16  4 19  7  5  2 10  1  9 12  0  8  6  3
17 20 11 14 15 23 18  4  7 22  2 13 10 21  1 16 19  5  0  8  9 12  3  6
17 11 20 14 15  4  7 23 18  2 22 13 10  1 21  5  0 16 19  8  9  3 12  6
15 11 20 13 17  4  5 23 16  1 21 14  9  2 22  7  0 18 19  6 10  3 12  8
15 20 11 13 17 23 16  4  5 21  1 14  9 22  2 18 19  7  0  6 10 12  3  8
11 17 15  4 20 14  2 13  1  7  5 23  0 18 16 22 10 21  9  3 19  8  6 12
11 15 17  4 20 13  1 14  2  5  7 23  0 16 18 21  9 22 10  3 19  6  8 12
 5 13  9  1 16 15  4  6  0 11  3 21  2 20 12 23 17 19  8  7 22 14 10 18
 5  9 13  1 16  6  0 15  4  3 11 21  2 12 20 19  8 23 17  7 22 10 14 18
 9  5 16  6 13  1  3 21 12  0 19 15  8  4 23 11  2 20 22 10 17  7 18 14
 9 16  5  6 13 21 12  1  3 19  0 15  8 23  4 20 22 11  2 10 17 18  7 14
13  5 16 15  9  1 11 21 20  4 23  6 17  0 19  3  2 12 22 14  8  7 18 10
13 16  5 15  9 21 20  1 11 23  4  6 17 19  0 12 22  3  2 14  8 18  7 10
 1  4  0  5  2 11 13  3  9 15  6  7 16 17  8 14 20 10 12 21 18 23 19 22
 1  0  4  5  2  3  9 11 13  6 15  7 16  8 17 10 12 14 20 21 18 19 23 22
 2  4  0  7  1 11 14  3 10 17  8  5 18 15  6 13 20  9 12 22 16 23 19 21
 2  0  4  7  1  3 10 11 14  8 17  5 18  6 15  9 12 13 20 22 16 19 23 21
 4  1  2 11  0  5 15  7 17 13 14  3 20  9 10  6 16  8 18 23 12 21 22 19
 4  2  1 11  0  7 17  5 15 14 13  3 20 10  9  8 18  6 16 23 12 22 21 19
 0  1  2  3  4  5  6  7  8  9 10 11 12 13 14 15 16 17 18 19 20 21 22 23
 0  2  1  3  4  7  8  5  6 10  9 11 12 14 13 17 18 15 16 19 20 22 21 23