24
-1 1 1 0 1 0
1 -1 -1 0 -1 0
-1 1 1 0 -1 0
1 -1 -1 0 1 0
-1 1 -1 0 1 0
1 -1 1 0 -1 0
1 -1 1 0 1 0
-1 1 -1 0 -1 0
1 0 -1 1 1 0
-1 0 1 -1 -1 0
1 0 -1 1 -1 0
-1 0 1 -1 1 0
-1 0 -1 1 1 0
1 0 1 -1 -1 0
1 0 1 -1 1 0
-1 0 -1 1 -1 0
1 0 1 0 -1 1
-1 0 -1 0 1 -1
1 0 -1 0 -1 1
-1 0 1 0 1 -1
-1 0 1 0 -1 1
1 0 -1 0 1 -1
1 0 1 0 1 -1
-1 0 -1 0 -1 1
48
22 23 19 18 21 20 15 14 17 16 11 10 13 12  7  6  9  8  3  2  5  4  0  1
23 22 20 21 18 19 16 17 14 15 12 13 10 11  8  9  6  7  4  5  2  3  1  0
 2  6  3  0 14 10  7  1 18 12 15  4 19  8 11  5 22 16 13  9 23 20 17 21
19 15 18 22  7 11 14 23  3 13  6 21  2 17 10 20  0  9 12 16  1  5  8  4
 2  6  0  3 10 14  1  7 12 18  4 15  8 19  5 11 16 22  9 13 20 23 17 21
 6  2 14 10  3  0 18 12  7  1 19  8 15  4 22 16 11  5 23 20 13  9 21 17
 6  2 10 14  0  3 12 18  1  7  8 19  4 15 16 22  5 11 20 23  9 13 21 17
 8  4 12 16  1  5 10 20  0  9  6 21  2 17 14 23  3 13 18 22  7 11 19 15
19 15 22 18 11  7 23 14 13  3 21  6 17  2 20 10  9  0 16 12  5  1  8  4
15 19  7 11 18 22  3 13 14 23  2 17  6 21  0  9 10 20  1  5 12 16  4  8
18 14 19 22  6 10 15 23  2 12  7 20  3 16 11 21  0  8 13 17  1  4  9  5
 3  7  2  0 15 11  6  1 19 13 14  5 18  9 10  4 22 17 12  8 23 21 16 20
18 14 22 19 10  6 23 15 12  2 20  7 16  3 21 11  8  0 17 13  4  1  9  5
14 18  6 10 19 22  2 12 15 23  3 16  7 20  0  8 11 21  1  4 13 17  5  9
14 18 10  6 22 19 12  2 23 15 16  3 20  7  8  0 21 11  4  1 17 13  5  9
16 20 12  8 23 21 10  4 22 17 14  5 18  9  6  1 19 13  2  0 15 11  3  7
 3  7  0  2 11 15  1  6 13 19  5 14  9 18  4 10 17 22  8 12 21 23 16 20
 7  3 15 11  2  0 19 13  6  1 18  9 14  5 22 17 10  4 23 21 12  8 20 16
20 16 23 21 12  8 22 17 10  4 18  9 14  5 19 13  6  1 15 11  2  0  7  3
16 20  8 12 21 23  4 10 17 22  5 14  9 18  1  6 13 19  0  2 11 15  3  7
 9  5 17 13  4  1 21 11  8  0 20  7 16  3 23 15 12  2 22 19 10  6 18 14
 5  9  1  4 13 17  0  8 11 21  3 16  7 20  2 12 15 23  6 10 19 22 14 18
 5  9  4  1 17 13  8  0 21 11 16  3 20  7 12  2 23 15 10  6 22 19 14 18
20 16 21 23  8 12 17 22  4 10  9 18  5 14 13 19  1  6 11 15  0  2  7  3
 9  5 13 17  1  4 11 21  0  8  7 20  3 16 15 23  2 12 19 22  6 10 18 14
 7  3 11 15  0  2 13 19  1  6  9 18  5 14 17 22  4 10 21 23  8 12 20 16
 4  8  1  5 12 16  0  9 10 20  2 17  6 21  3 13 14 23  7 11 18 22 15 19
 8  4 16 12  5  1 20 10  9  0 21  6 17  2 23 14 13  3 22 18 11  7 19 15
17 21  9 13 20 23  5 11 16 22  4 15  8 19  1  7 12 18  0  3 10 14  2  6
21 17 23 20 13  9 22 16 11  5 19  8 15  4 18 12  7  1 14 10  3  0  6  2
21 17 20 23  9 13 16 22  5 11  8 19  4 15 12 18  1  7 10 14  0  3  6  2
 4  8  5  1 16 12  9  0 20 10 17  2 21  6 13  3 23 14 11  7 22 18 15 19
17 21 13  9 23 20 11  5 22 16 15  4 19  8  7  1 18 12  3  0 14 10  2  6
15 19 11  7 22 18 13  3 23 14 17  2 21  6  9  0 20 10  5  1 16 12  4  8
 1  0  4  5  2  3  8  9  6  7 12 13 10 11 16 17 14 15 20 21 18 19 23 22
 0  1  3  2  5  4  7  6  9  8 11 10 13 12 15 14 17 16 19 18 21 20 22 23
13 11  9 17  7 15  5 21  3 19  1 23  0 22  4 20  2 18  8 16  6 14 12 10
11 13 15  7 17  9 19  3 21  5 22  0 23  1 18  2 20  4 14  6 16  8 10 12
11 13  7 15  9 17  3 19  5 21  0 22  1 23  2 18  4 20  6 14  8 16 10 12
 1  0  5  4  3  2  9  8  7  6 13 12 11 10 17 16 15 14 21 20 19 18 23 22
13 11 17  9 15  7 21  5 19  3 23  1 22  0 20  4 18  2 16  8 14  6 12 10
23 22 21 20 19 18 17 16 15 14 13 12 11 10  9  8  7  6  5  4  3  2  1  0
12 10 16  8 14  6 20  4 18  2 23  1 22  0 21  5 19  3 17  9 15  7 13 11
22 23 18 19 20 21 14 15 16 17 10 11 12 13  6  7  8  9  2  3  4  5  0  1
12 10  8 16  6 14  4 20  2 18  1 23  0 22  5 21  3 19  9 17  7 15 13 11
10 12 14  6 16  8 18  2 20  4 22  0 23  1 19  3 21  5 15  7 17  9 11 13
10 12  6 14  8 16  2 18  4 20  0 22  1 23  3 19  5 21  7 15  9 17 11 13
 0  1  2  3  4  5  6  7  8  9 10 11 12 13 14 15 16 17 18 19 20 21 22 23